720_240_Arm
0.00
20.18
36.75
64.32
83.17
114.18
134.22
157.15
169.71
180.74
181.67
181.67
174.66
169.03
156.53
150.21
139.95
137.73
133.75
139.61
143.16
150.43
157.55
162.51
165.94
166.49
167.18
164.30
161.58
158.08
157.44
156.51
158.43
159.65
162.64
164.46
165.34
165.24
165.50
164.16
168.05
169.53
175.34
178.73
188.09
192.41
200.68
205.14
211.32
214.18
217.92
217.64
218.29
216.14
216.00
212.53
211.69
207.56
206.86
201.71
201.62
196.77
198.53
195.03
197.71
194.83
197.40
192.82
193.35
189.12
190.93
190.58
197.58
198.71
204.29
203.27
206.31
206.19
211.24
210.87
215.20
215.26
219.55
219.35
223.65
224.40
229.18
228.57
232.12
232.24
233.81
233.52
234.28
231.36
231.63
229.61
229.84
225.08
224.16
220.12
216.33
207.20
205.10
194.00
190.54
182.25
180.38
174.84
174.81
170.19
174.39
171.11
174.07
170.31
172.23
170.68
175.66
178.11
187.71
192.46
200.79
201.01
203.50
199.24
195.56
185.08
179.24
169.45
166.86
163.25
167.19
167.54
171.28
170.60
176.21
176.16
182.12
182.20
187.43
186.89
195.83
200.25
206.08
205.61
206.72
204.44
204.80
204.02
205.61
205.00
207.35
207.52
207.80
202.72
197.53
188.88
182.62
172.71
168.89
168.28
172.39
173.52
178.44
177.64
177.43
174.71
175.94
176.46
181.14
184.69
189.26
190.50
192.16
192.52
193.49
193.43
195.84
196.69
199.37
201.91
204.07
207.39
210.26
214.54
218.66
221.94
224.68
227.23
230.06
233.07
234.85
237.38
237.41
237.92
238.59
238.47
236.69
236.67
235.45
233.07
229.48
226.45
221.51
216.50
213.46
210.22
208.59
207.55
208.79
211.27
214.59
219.13
224.73
228.19
228.95
228.88
228.12
225.21
220.89
215.64
209.92
204.62
197.97
194.61
196.11
199.15
205.03
212.04
218.71
225.03
228.90
234.03
238.22
241.26
242.48
243.15
242.71
243.38
242.06
243.38
images/speed/Dustin/720/240_Hand/
0.00
3.88
3.78
3.72
3.88
3.97
4.02
4.08
4.08
4.10
4.11
4.06
4.08
4.03
3.99
4.05
4.13
4.18
4.35
4.43
4.72
4.99
5.32
5.60
6.04
6.40
6.81
6.93
7.07
6.92
6.56
6.04
5.59
5.10
4.63
4.19
3.88
3.72
3.71
3.85
3.99
4.18
4.51
4.75
5.01
5.09
5.27
5.21
5.14
5.05
4.75
4.63
4.56
4.48
4.35
4.23
4.24
4.07
4.18
4.19
4.28
4.32
4.43
4.54
4.60
4.73
4.84
4.98
5.19
5.43
5.69
6.03
6.23
6.32
6.53
6.49
6.45
6.48
6.35
6.23
6.03
5.71
5.19
4.83
4.49
4.28
4.19
4.13
4.07
4.11
4.13
4.31
4.52
4.74
5.19
5.68
6.47
7.19
8.05
8.96
9.82
10.96
12.04
13.28
14.09
14.83
15.06
15.39
15.07
14.72
14.31
13.70
13.04
12.29
11.54
10.62
9.69
8.67
8.04
7.27
6.77
6.38
6.24
6.35
6.53
6.63
7.03
7.41
7.81
8.10
8.47
8.72
8.84
8.98
8.90
8.88
8.83
8.61
8.52
8.12
8.08
7.91
7.77
7.65
7.67
7.68
7.75
7.82
7.79
7.80
7.91
7.97
8.07
7.94
7.68
7.58
7.22
7.13
6.95
6.71
6.52
6.41
6.16
5.98
5.86
5.78
5.75
5.62
5.50
5.41
5.35
5.26
5.19
5.25
5.08
5.10
5.00
4.86
4.75
4.72
4.60
4.39
4.38
4.17
4.04
3.97
3.78
3.77
3.80
3.78
3.76
3.87
3.93
4.09
4.13
4.19
4.26
4.27
4.29
4.38
4.43
4.50
4.60
4.60
4.55
4.55
4.53
4.54
4.55
4.43
4.46
4.38
4.41
4.46
4.46
4.54
4.62
4.64
4.76
4.84
4.86
4.79
4.71
4.66
4.58
4.55
4.51
4.52
4.43
4.38
4.32
4.31
4.21
4.24
4.31
4.35
4.43
4.59
4.71
5.33
images/speed/Dustin/1080/120/Arm/
0.00
8.26
29.68
59.52
85.43
131.98
209.63
285.70
346.24
395.54
441.88
477.40
503.64
524.54
536.08
533.15
519.59
518.97
524.39
524.98
525.16
524.46
521.28
524.30
532.19
537.24
541.72
544.81
544.71
539.95
530.62
520.92
513.11
508.52
507.77
510.91
513.82
515.22
515.30
513.65
509.88
503.84
497.11
486.91
475.51
463.83
454.32
447.51
445.22
443.68
442.58
443.02
443.79
446.30
447.15
447.10
445.57
442.96
438.84
437.17
434.23
429.70
425.24
421.59
419.18
417.85
415.94
414.68
412.27
410.48
406.95
401.08
395.61
389.78
387.60
388.93
391.52
395.78
398.49
401.29
402.88
404.31
404.30
405.54
406.86
409.09
411.03
412.53
412.49
410.67
409.26
406.73
404.72
400.73
397.47
393.83
393.32
393.23
397.37
402.94
407.78
410.11
409.44
408.90
408.20
406.69
402.73
403.04
405.41
411.13
413.98
413.05
410.17
405.42
403.24
402.51
403.03
398.96
399.98
400.16
images/speed/Dustin/1080/120/Hand/
0.00
1.38
1.63
1.91
2.14
2.30
2.43
2.55
2.62
2.63
2.69
2.79
2.89
3.00
3.24
3.79
4.79
7.15
10.41
13.58
16.39
18.93
21.27
23.35
24.98
25.87
26.03
25.51
24.90
22.89
20.49
17.96
16.24
14.83
14.52
15.40
16.83
19.32
21.69
23.46
24.21
23.90
22.39
19.89
17.12
14.39
12.48
11.39
11.15
11.25
12.25
14.32
17.08
19.76
21.63
22.51
22.21
20.60
18.06
15.41
13.04
10.91
9.55
9.18
9.06
9.20
10.15
11.61
12.94
14.32
15.18
14.75
13.30
10.88
9.33
8.28
7.85
7.58
7.58
7.92
8.85
10.23
11.59
12.34
12.56
12.39
12.00
11.57
11.49
12.06
13.51
15.43
17.21
19.48
21.01
21.91
21.89
20.95
19.55
18.19
17.23
15.83
14.78
14.23
14.35
14.65
14.65
13.87
12.81
11.00
9.34
8.08
7.52
7.52
8.09
9.58
12.64
16.90
21.06
24.32
images/speed/Dustin/4k/30_Arm/
0.00
168.52
376.53
388.13
176.46
256.34
232.04
87.13
130.22
145.56
61.35
44.73
146.38
159.75
175.05
235.70
109.08
106.36
167.82
120.62
259.54
376.55
420.18
457.77
464.15
415.13
364.44
374.08
345.10
212.07
images/speed/Dustin/4k/30_Hand1/
0.00
11.99
16.35
14.34
17.18
15.29
15.79
17.45
16.41
15.95
15.41
15.77
17.53
17.37
19.57
18.31
18.19
20.07
22.79
24.32
23.25
21.41
20.23
20.09
20.24
20.47
25.40
29.53
28.67
32.48
images/speed/Dustin/4k/30_Hand2/
0.00
5.33
10.60
15.78
15.45
18.30
17.37
15.64
12.03
13.40
35.24
30.61
27.80
43.35
45.06
52.55
55.57
52.94
53.66
52.60
51.05
52.21
45.36
32.07
33.88
46.20
51.11
46.68
46.04
47.30
